0.0758 0.0526 0.048 0.0457 0.0247 0.0969 0.0624 0.1424 0.1097 0.0485 0.04 0.1221 0.0039 0.1252 0.0013 
0.0625 0.0306 0.174 0.0438 0.0736 0.147 0.0357 0.0062 0.0005 0.0456 0.1122 0.0107 0.0771 0.0208 0.1589 
0.1246 0.0533 0.1392 0.1455 0.0307 0.0896 0.0098 0.1163 0.0093 0.0013 0.1038 0.0597 0.0487 0.0007 0.0668 
0.0904 0.0278 0.0784 0.1064 0.0639 0.1065 0.0807 0.1175 0.0457 0.0869 0.0684 0.0095 0.0481 0.0012 0.0678 
0.0151 0.1194 0.073 0.0642 0.1209 0.0706 0.1082 0.0243 0.0379 0.1199 0.1195 0.0143 0.0229 0.0655 0.0237 
0.104 0.0389 0.0901 0.1019 0.0858 0.0184 0.1086 0.0234 0.1227 0.061 0.005 0.0153 0.0404 0.0572 0.1266 
0.0515 0.0734 0.0882 0.094 0.0195 0.0897 0.1091 0.0653 0.1023 0.0174 0.0648 0.069 0.0227 0.1096 0.0229 
0.0862 0.0304 0.0423 0.0332 0.0294 0.1007 0.0874 0.1094 0.0868 0.0709 0.053 0.0368 0.1131 0.1003 0.0195 
0.0836 0.116 0.0549 0.0749 0.0359 0.0693 0.0664 0.1172 0.0608 0.1218 0.0037 0.0184 0.0751 0.0477 0.0534 
0.041 0.0058 0.0727 0.0005 0.0353 0.0436 0.048 0.099 0.0613 0.0937 0.1428 0.0054 0.1189 0.0758 0.1554 
0.0096 0.0994 0.0182 0.0953 0.0235 0.0464 0.1039 0.028 0.1483 0.021 0.0355 0.0767 0.0908 0.0759 0.1268 
0.1049 0.1294 0.0806 0.0126 0.0988 0.0559 0.1225 0.0876 0.0075 0.0811 0.0103 0.0528 0.0688 0.0101 0.0765 
0.0107 0.1171 0.0652 0.1141 0.0609 0.0746 0.0262 0.0317 0.1029 0.087 0.0932 0.032 0.0895 0.051 0.0432 
0.0219 0.0895 0.0359 0.0108 0.0255 0.0212 0.1468 0.1431 0.1031 0.0986 0.1382 0.071 0.0487 0.0247 0.0203 
0.1155 0.0724 0.1196 0.0471 0.005 0.0092 0.0599 0.0284 0.028 0.1508 0.0292 0.0446 0.066 0.1528 0.0707 
